Práctica4
#######################################   Maquina1   #######################################
Tiempo de cada test: 
   2.859 
   2.729 
   2.684 
   2.998 
   3.086 
   2.788 
   3.345 
   2.787 
   2.724 
   3.087 
   3.336 
   3.365 
   3.132 
   2.820 
   2.662 
   2.832 
   2.979 
   3.106 
   3.040 
   3.117 
   3.286 
   3.194 
   3.290 
   3.181 
   3.279 
   3.025 
   2.983 
   2.918 
   2.964 
   3.267 
Peticiones fallidas: 
0
0
0
0
0
0
0
0
0
0
0
0
0
0
0
0
0
0
0
0
0
0
0
0
0
0
0
0
0
0
Peticiones por segundo: 
3497.13
3664.35
3726.00
3335.27
3240.27
3586.30
2989.68
3588.33
3671.27
3239.80
2997.30
2971.77
3193.11
3545.58
3756.22
3531.25
3357.31
3219.20
3289.89
3208.46
3043.54
3131.34
3039.60
3144.03
3049.33
3305.75
3352.70
3426.71
3374.31
3061.09
Timepo por peticion(total): 
2.859


2.729


2.684


2.998


3.086


2.788


3.345


2.787


2.724


3.087


3.336


3.365


3.132


2.820


2.662


2.832


2.979


3.106


3.040


3.117


3.286


3.194


3.290


3.181


3.279


3.025


2.983


2.918


2.964


3.267


#######################################   Maquina2   #######################################
Tiempo de cada test: 
   3.058 
   3.207 
   3.033 
   2.861 
   20.827 
   9.518 
   2.996 
   2.843 
   2.869 
   3.267 
   3.096 
   3.347 
   3.016 
   3.160 
   3.042 
   3.065 
   3.171 
   3.299 
   3.294 
   3.377 
   3.376 
   3.221 
   2.833 
   3.310 
   2.843 
   3.186 
   3.111 
   2.982 
   3.293 
   2.829 
Peticiones fallidas: 
0
0
0
0
0
0
0
0
0
0
0
0
0
0
0
0
0
0
0
0
0
0
0
0
0
0
0
0
0
0
Peticiones por segundo: 
3270.26
3118.04
3296.85
3495.21
480.14
1050.67
3337.71
3517.60
3485.86
3061.25
3229.65
2988.07
3315.84
3164.72
3287.28
3262.48
3153.29
3031.61
3035.95
2961.40
2961.86
3104.52
3529.56
3020.91
3517.15
3138.85
3214.51
3353.51
3036.47
3535.11
Timepo por peticion(total): 
3.058


3.207


3.033


2.861


20.827


9.518


2.996


2.843


2.869


3.267


3.096


3.347


3.016


3.160


3.042


3.065


3.171


3.299


3.294


3.377


3.376


3.221


2.833


3.310


2.843


3.186


3.111


2.982


3.293


2.829


#######################################   BalanceadorNginx   #######################################
Tiempo de cada test: 
   27.486 
   7.870 
   7.948 
   7.642 
   7.585 
   7.570 
   7.616 
   7.731 
   7.825 
   7.582 
   7.832 
   7.776 
   8.152 
   7.992 
   7.892 
   8.225 
   7.640 
   25.292 
   21.800 
   8.160 
   8.054 
   7.821 
   7.711 
   7.552 
   7.717 
   8.020 
   7.869 
   7.757 
   8.125 
   8.120 
Peticiones fallidas: 
0
0
0
0
0
0
0
0
0
0
0
0
0
0
0
0
0
0
0
0
0
0
0
0
0
0
0
0
0
0
Peticiones por segundo: 
363.83
1270.58
1258.16
1308.50
1318.41
1321.06
1312.95
1293.48
1277.88
1318.87
1276.83
1286.04
1226.73
1251.29
1267.11
1215.87
1308.95
395.39
458.72
1225.45
1241.60
1278.64
1296.93
1324.13
1295.81
1246.91
1270.81
1289.12
1230.76
1231.51
Timepo por peticion(total): 
27.486


7.870


7.948


7.642


7.585


7.570


7.616


7.731


7.825


7.582


7.832


7.776


8.152


7.992


7.892


8.225


7.640


25.292


21.800


8.160


8.054


7.821


7.711


7.552


7.717


8.020


7.869


7.757


8.125


8.120


#######################################   BalanceadorHaproxy   #######################################
Tiempo de cada test: 
   5.719 
   6.032 
   6.110 
   5.837 
   5.998 
   5.690 
   5.760 
   5.595 
   6.132 
   6.015 
   6.059 
   6.072 
   5.901 
   6.175 
   5.661 
   5.822 
   5.930 
   5.822 
   6.109 
   5.925 
   5.827 
   5.739 
   24.438 
   5.692 
   5.899 
   5.684 
   5.717 
   5.729 
   5.879 
   5.769 
Peticiones fallidas: 
0
0
0
0
0
0
0
0
0
0
0
0
0
0
0
0
0
0
0
0
0
0
0
0
0
0
0
0
0
0
Peticiones por segundo: 
1748.46
1657.77
1636.77
1713.32
1667.22
1757.62
1735.99
1787.46
1630.84
1662.63
1650.49
1646.91
1694.57
1619.47
1766.55
1717.76
1686.29
1717.74
1636.90
1687.74
1716.10
1742.59
409.21
1756.96
1695.23
1759.19
1749.02
1745.54
1700.93
1733.47
Timepo por peticion(total): 
5.719


6.032


6.110


5.837


5.998


5.690


5.760


5.595


6.132


6.015


6.059


6.072


5.901


6.175


5.661


5.822


5.930


5.822


6.109


5.925


5.827


5.739


24.438


5.692


5.899


5.684


5.717


5.729


5.879


5.769


